0
//Index   ItemIndex   ObjectiveAmount
1         7628        2
2         7629        2
3         7630        2
4         7631        2
5         7632        2
end

1
//Index   MapNumber   MonsterClass   ObjectiveCount   ObjectiveRatio
0         91          586            500              450000
1         91          587            500              450000
2         91          588            500              450000
3         91          589            500              450000
4         91          590            500              450000
5         91          591            500              450000
6         63          480            500              450000
7         63          482            500              450000
8         63          484            500              450000
9         63          486            500              450000
10        63          487            500              450000
11        63          489            500              450000
12        63          490            500              450000
13        29          271            500              450000
14        29          272            500              450000
15        29          270            500              450000
16        29          268            500              450000
17        29          273            500              450000
18        29          269            500              450000
19        29          274            500              450000
20        36          331            500              450000
21        36          332            500              450000
22        36          333            500              450000
23        36          334            500              450000
24        36          335            500              450000
25        36          336            500              450000
26        36          337            500              450000
27        33          308            500              450000
28        33          307            500              450000
29        33          306            500              450000
30        33          305            500              450000
end

2
//Index   MapNumber   MonsterClass   ObjectiveCount   ObjectiveRatio
0         37          553            500              450000
1         37          554            500              450000
2         37          555            500              450000
3         37          556            500              450000
4         81          571            500              450000
5         81          572            500              450000
6         81          575            500              450000
7         81          576            500              450000
8         57          562            500              450000
9         57          563            500              450000
10        57          564            500              450000
11        57          565            500              450000
12        56          557            500              450000
13        56          558            500              450000
14        56          559            500              450000
15        112         730            500              450000
16        112         731            500              450000
17        112         732            500              450000
end

3
//Index   MapNumber   MonsterClass   ObjectiveCount   ObjectiveRatio
0         113         743            500              450000
1         113         744            500              450000
2         113         745            500              450000
3         116         767            500              450000
4         116         770            500              450000
5         117         771            500              450000
6         117         772            500              450000
7         118         768            500              450000
8         118         773            500              450000
end
					
4
//Index   MapNumber   MonsterClass   ObjectiveCount   ObjectiveRatio
0         119         769            500              450000
1         119         774            500              450000
2         120         775            500              450000
3         120         776            500              450000
4         120         777            500              450000
5         122         786            500              450000
6         122         787            500              450000
7         122         788            500              450000
8         122         789            500              450000
end

5
//Index   MapNumber   MonsterClass   ObjectiveCount   ObjectiveRatio
0         123         810            500              450000
1         123         811            500              450000
2         123         812            500              450000
3         123         813            500              450000
4         123         814            500              450000
5         123         815            500              450000
6         123         816            500              450000
end